%% 

p = 0.2:0.2:5;
od = (1:0.5:7)*1e-2;    
height = (0.5:0.5:5)*1e-2;
width = (0.5:0.5:140)*1e-2;
alpha = 45:0.1:90;


motorTorque(1,5,alpha,10,10,1)